passengers
7577143.000000
7765451.000000
9484945.000000
9966589.000000
11346111.000000
11666163.000000
13262857.000000
13589850.000000
12907187.000000
12353793.000000
9076751.000000
8074356.000000
7852528.000000
8414288.000000
10556438.000000
11776244.000000
12340647.000000
13055212.000000
14700970.000000
14671662.000000
14248927.000000
13178638.000000
9526949.000000
9008436.000000
8699717.000000
8976911.000000
11004885.000000
12326601.000000
12742108.000000
13732774.000000
15045618.000000
15575832.000000
14666766.000000
12567340.000000
9239062.000000
8543637.000000
8291886.000000
8864782.000000
11213918.000000
11226113.000000
12329077.000000
13184755.000000
14692371.000000
15701144.000000
14285843.000000
12840677.000000
9779573.000000
9181901.000000
9130707.000000
9382306.000000
11149128.000000
12295011.000000
13239444.000000
14285542.000000
15829274.000000
17308185.000000
14998550.000000
13803356.000000
10719982.000000
10090647.000000
9810973.000000
10845532.000000
12275252.000000
13151660.000000
14209594.000000
15153907.000000
17096529.000000
18215255.000000
16066956.000000
15114135.000000
11435691.000000
11013871.000000
10777254.000000
11169907.000000
13784076.000000
13860249.000000
15809170.000000
16548291.000000
19135330.000000
19803141.000000
17714000.000000
16410579.000000
12650989.000000
11980933.000000
11616364.000000
11780037.000000
14221384.000000
15976213.000000
16889118.000000
17989279.000000
19941633.000000
20579462.000000
18791847.000000
17434743.000000
13491243.000000
13131833.000000
12394848.000000
12856789.000000
15927698.000000
16931407.000000
18035189.000000
19560182.000000
22235723.000000
22725173.000000
20586229.000000
18856399.000000
14866323.000000
14079043.000000
