population
40202160.000000
40226962.583333
40251765.166667
40276567.750000
40301370.333333
40326172.916667
40350975.500000
40375778.083333
40400580.666667
40425383.250000
40450185.833333
40474988.416667
40499791.000000
40551211.916667
40602632.833333
40654053.750000
40705474.666667
40756895.583333
40808316.500000
40859737.416667
40911158.333333
40962579.250000
41014000.166667
41065421.083333
41116842.000000
41176929.666667
41237017.333333
41297105.000000
41357192.666667
41417280.333333
41477368.000000
41537455.666667
41597543.333333
41657631.000000
41717718.666667
41777806.333333
41837894.000000
41911158.166667
41984422.333333
42057686.500000
42130950.666667
42204214.833333
42277479.000000
42350743.166667
42424007.333333
42497271.500000
42570535.666667
42643799.833333
42717064.000000
42757115.666667
42797167.333333
42837219.000000
42877270.666667
42917322.333333
42957374.000000
42997425.666667
43037477.333333
43077529.000000
43117580.666667
43157632.333333
43197684.000000
43273587.833333
43349491.666667
43425395.500000
43501299.333333
43577203.166667
43653107.000000
43729010.833333
43804914.666667
43880818.500000
43956722.333333
44032626.166667
44108530.000000
44158566.166667
44208602.333333
44258638.500000
44308674.666667
44358710.833333
44408747.000000
44458783.166667
44508819.333333
44558855.500000
44608891.666667
44658927.833333
44708964.000000
44749945.083333
44790926.166667
44831907.250000
44872888.333333
44913869.416667
44954850.500000
44995831.583333
45036812.666667
45077793.750000
45118774.833333
45159755.916667
45200737.000000
45241718.083333
45282699.166667
45323680.250000
45364661.333333
45405642.416667
45446623.500000
45487604.583333
45528585.666667
45569566.750000
45610547.833333
45651528.916667
45692510.000000
45733491.083333
45774472.166667
45815453.250000
45856434.333333
45897415.416667
45938396.500000
45979377.583333
46020358.666667
46061339.750000
46102320.833333
46143301.916667
46184283.000000
46225264.083333
46266245.166667
46307226.250000
46348207.333333
46389188.416667
46430169.500000
46471150.583333
46512131.666667
46553112.750000
46594093.833333
46635074.916667
